### bzr hashcache v5
examples/rss10.xml.tmpl// 41208b523b1178e7fd5a47776c68e7d8b06a5583 1128 1149317469 1149317469 3564746 772 33204
examples/output/images/thom.png// eede5f213284b0783dd033c3ff5c6521905f4975 7257 1139188515 1139188515 2570022 772 33204
planet/compat_logging/__init__.py// 67e33c7b6cdacc1a8ca5effc47f680ccec82cdaf 39876 1139188515 1139188515 2568404 772 33204
examples/foafroll.xml.tmpl// ab808e16b86b5b18ddd0458133dedfa15eed3215 921 1148313826 1148313826 2699552 772 33204
MANIFEST.in// d9544f54bc0bf6d6bed19342ab2e2d5ee91f7d5b 260 1148313826 1148313826 2699574 772 33204
THANKS// 3029475854489d5527e6d57523daacc3473ab494 388 1139188527 1139188527 2570214 772 33204
INSTALL// a0e669efe8de9c3aa525d4000ef84797cba0a176 5858 1139188515 1139188515 2569949 772 33204
planet/tests/test_main.py// dfa893d5a07825ca47de3afc977d513ac1bcd9ec 2620 1153957891 1153957891 2994659 772 33261
NEWS// 68b5bf3ddb40e43612fc3af198c27aacca90b728 41 1139188529 1139188529 2570204 772 33204
planet/tests/data/simple2.tmpl// fc92209f15db5ae861bbd13cbafbf14903550a4a 51 1148313826 1153957891 2699560 772 33188
planet/cache.py// 166c3f6894855708658cfbcf31ae54e5e0284d9d 8887 1139188530 1139188530 2570229 772 33204
examples/rss20.xml.tmpl// da17f57763c554c6d5b37aab480dface7543fe54 838 1149317469 1149317469 3564744 772 33204
planet/compat_logging/handlers.py// f27b19e165707ef0da25930d4cc52be79bab7c0a 26291 1139188515 1139188515 2568409 772 33204
examples/fancy/index.html.tmpl// d8b30b17c551a1260fbf2393f774a498f6d58fe7 4403 1148313826 1148313826 2699551 772 33204
examples/output/images/edd.png// 973ae514cee10588ed2ab83bd1e33d31b3806318 9918 1139188515 1139188515 2570012 772 33204
planet-cache.py// 38e46e758449319b479882911516e8cc437afdd2 5931 1148313826 1148313826 2699572 772 33277
planet/tests/data/simple.tmpl// fc92209f15db5ae861bbd13cbafbf14903550a4a 51 1148313826 1153957891 2699545 772 33188
planet/compat_logging/config.py// 96b96f94bef2a26833e1cb84f76dd0adedc46b62 11850 1139188515 1139188515 2568408 772 33204
examples/output/images/evolution.png// 2c68180e0b762bfa8e9a55ce419812ef4cae478f 5182 1139188515 1139188515 2570013 772 33204
planet/tests/data/after.atom// 56c4bd07b99ba5fa833f165065d461c28a6062c5 872 1148313826 1148313826 2699569 772 33188
LICENCE// 4c60e7456b3749a3f48ba814e54155e42d5c732b 11932 1139188515 1139188515 2569984 772 33204
README// 9496a7b810e3c520a6387cbb025293f167b7abc6 426 1139188529 1139188529 2570034 772 33204
examples/output/images/opml.png// d5c62c617556c375598dd2b737dcf353d52bfc3a 804 1148313826 1148313826 2699542 772 33188
setup.py// 94ca844a74bd0797c86429f91b7df4a4392d66ce 652 1148313826 1148313826 2699561 772 33277
planet/timeoutsocket.py// c27df13372a761bbc4799775943bc301d4359440 12681 1139188515 1139188515 2568410 772 33204
planet/tests/__init__.py// da39a3ee5e6b4b0d3255bfef95601890afd80709 0 1148313826 1148313826 2699567 772 33188
examples/basic/config.ini// c85fa1edf0f053ffc9ecdb69ecdaceccdd40a3f9 2962 1148313826 1148313826 2699544 772 33204
examples/output/images/keybuk.png// aeade425673e7c0ff9fa458c23e4ce963595969c 8496 1139188515 1139188515 2570019 772 33204
planet.py// b047806c0d58de48ffbe5b9dce25649cac4d2ff9 5700 1148313826 1148313826 2699554 772 33277
AUTHORS// e4c0d0cfc30eeda10bd59444770376383d37fce3 74 1139188528 1139188528 2570216 772 33204
planet/__init__.py// 0fa75938c4c2baef3348ac61c67119815c5ea04f 38145 1153957981 1153957981 3564745 772 33204
examples/basic/index.html.tmpl// aaaa62e8efe9d1eef461be190331e6146cdb1231 2741 1139188515 1139188515 2569932 772 33204
runtests.py// 10a2cd474b1d13c7860cfa08273917f5a539aa9b 311 1153957891 1153957891 2993777 772 33261
planet/feedparser.py// b8f8ebf0dc395228454f2de5b81eaff00827719a 126446 1148313826 1148313826 2699562 772 33204
examples/output/images/jdub.png// 90a80ffbf53621bcbaaca7f350d3aedf426aac7c 9814 1139188515 1139188515 2570014 772 33204
examples/output/images/planet.png// 1e4757402da3af2ad98ad6747dd95bb9e9577da7 426 1139188515 1139188515 2570021 772 33204
examples/opml.xml.tmpl// c4ffc641bf75e421a4080c1fd16784db4b43f2f6 626 1148313826 1148313826 2699555 772 33204
examples/fancy/config.ini// 2850e7072a7e15ad86f5e3304ee303d9ee028141 3644 1148313826 1148313826 2699559 772 33204
planet/tests/test_sanitize.py// 8d64f6638669e6f30f80c7dec32209718619d9d1 6381 1148313826 1148313826 2699566 772 33261
TODO// 34ec7b8b10271b9a30da97bed292fe33ebeedea5 857 1146627308 1146627309 2600367 772 33204
examples/output/planet.css// 6723e6f74440973f99ddfd070d82be271b7f4b4c 2017 1148313826 1148313826 2699564 772 33204
.bzrignore// 2f9159a29a2e4bb96c5590aadeeff4c6b9de2599 38 1148313826 1148313826 2699549 772 33188
planet/tests/test_channel.py// 0d0185870875c6d8a45e23d17ef812c318d2166b 998 1148313826 1148313826 2699553 772 33261
planet/tests/data/after.rss// 9a10a2968d4e70065614798edd0d6a77343dd7cf 692 1148313826 1148313826 2699550 772 33188
planet/tests/test_sub.py// 779176ae5d55569777a521f49d596f98b0a2947f 3211 1148313826 1148313826 2699547 772 33261
examples/cache/.empty// da39a3ee5e6b4b0d3255bfef95601890afd80709 0 1139188524 1139188524 2569955 772 33188
planet/atomstyler.py// 769e52838d819d2189df0afb75b64184ea16aa6f 4315 1148313826 1148313826 2699543 772 33188
examples/atom.xml.tmpl// 28d3d22cead17f0b9032cd34c3315983fc539106 2247 1148313826 1148313826 2699548 772 33188
planet/sanitize.py// 4d6fa53e2401358bba5627b2f6d50215c1d4295e 13904 1148313826 1148313826 2699541 772 33188
examples/output/images/feed-icon-10x10.png// 5382dcdbcdbfe5693ff3426ac90df1e3343e6f81 469 1148313826 1148313826 2699570 772 33188
planet/htmltmpl.py// 291c66493ec9e9a35a4dda1fab492f3c1c90728e 58705 1139188524 1139188524 2570195 772 33204
planet/tests/data/before.atom// 02568b19c22bf2464af4d2f6d6af26b72dad06db 809 1148313826 1148313826 2699546 772 33188
examples/output/images/logo.png// bff805bf043a3c62de28bbd23287ee493e6e1c4a 5413 1139188515 1139188515 2570020 772 33204
planet/tests/data/before.rss// 5feb15bb3bca7fb0788d31cbb221f6d8c8af0ba5 689 1148313826 1148313826 2699558 772 33188
